f: (-1.990202, 0.610939)
l: (-1.024417, -0.246793)
r: (-0.223428, 0.872019)
